       0     0.000000 
       1    -0.230309 
       2    -2.843740 
       3    -3.229610 
       4    -0.769093 
       5    -1.337389 
       6    -1.649591 
       7    -2.432508 
       8    -0.262301 
       9    -3.755229 
      10     1.536889 
      11    -2.822263 
      12    -1.582009 
      13    -1.568572 
      14    -1.743543 
      15    -0.285021 
      16    -1.362234 
      17    -0.529559 
      18    -0.881621 
      19    -1.849766 
      20    -0.272278 
      21    -1.997084 
      22    -1.151324 
      23    -1.324581 
      24    -1.168524 
      25     0.373299 
      26    -1.321557 
      27    -1.447018 
      28    -0.398491 
      29    -1.653075 
      30    -1.202123 
      31    -1.854483 
      32    -0.285687 
      33    -0.721587 
      34    -2.003123 
      35    -0.519657 
      36    -1.364704 
      37    -1.443773 
      38    -1.433065 
      39    -1.277935 
      40    -2.182086 
      41    -1.435910 
      42     0.187336 
      43    -0.333576 
      44    -2.174599 
      45    -0.642608 
      46    -0.427033 
      47     0.044498 
      48    -1.316617 
      49    -1.520291 
      50    -1.573610 
      51    -1.317690 
      52    -1.473253 
      53    -1.366275 
      54    -1.900338 
      55    -1.208586 
      56    -1.186107 
      57    -1.506048 
      58    -1.471282 
      59    -1.257717 
      60    -1.137874 
      61    -1.460373 
      62    -1.510871 
      63    -1.183086 
      64    -1.399419 
      65    -1.271383 
      66     0.029362 
      67    -1.890947 
      68    -0.352842 
      69    -0.988765 
      70    -0.734688 
      71    -0.586343 
      72    -1.273035 
      73    -1.078228 
      74    -1.463633 
      75    -1.595799 
      76    -1.156110 
      77    -1.111153 
      78    -1.086846 
      79    -1.431769 
      80    -1.194001 
      81    -0.105645 
      82    -1.569931 
      83     0.720412 
      84     1.023800 
      85     0.300266 
      86    -1.803787 
      87     0.218050 
      88    -0.311209 
      89     1.616917 
      90    -1.505558 
      91    -0.386384 
      92     2.520073 
      93     1.394852 
      94    -0.515590 
      95    -1.885696 
      96    -1.557446 
      97    -1.495294 
      98     1.084958 
      99    -2.008957 
     100    -0.903994 
     101    -1.741897 
     102    -1.759165 
     103    -1.175082 
     104     0.347480 
     105    -0.984068 
     106     1.161575 
     107    -1.334579 
     108     1.874192 
     109     0.628513 
     110     1.130293 
     111     0.976917 
     112     0.563673 
     113     0.807379 
     114     0.776714 
     115     0.328967 
     116     0.975426 
     117    -1.600284 
     118    -0.905672 
     119    -0.926669 
     120     1.803572 
     121     0.415871 
     122    -1.461954 
     123    -2.899057 
     124     1.615383 
     125     3.648261 
     126    -1.281603 
     127    -0.203537 
     128    -0.938820 
     129     1.174430 
     130     1.565586 
     131     0.838699 
     132    -0.816354 
     133    -1.347453 
     134     1.457456 
     135     3.307424 
     136     0.371991 
     137    -1.299827 
     138    -1.614172 
     139    -0.463787 
     140     0.451429 
     141    -1.413421 
     142    -0.403279 
     143     0.082129 
     144    -1.025287 
     145    -1.304014 
     146    -1.790862 
     147    -0.064806 
     148    -0.544344 
     149    -0.066505 
     150    -0.761978 
     151    -1.614101 
     152    -0.547236 
     153     0.454105 
     154    -0.506318 
     155    -0.352891 
     156    -0.948143 
     157    -1.366371 
     158    -1.140753 
     159    -1.251947 
     160    -1.122800 
     161    -1.273329 
     162    -1.168293 
     163    -1.451869 
     164    -0.880991 
     165    -0.772636 
     166    -1.230025 
     167    -1.387412 
     168    -0.960415 
     169    -1.066910 
     170    -1.405546 
     171    -1.310596 
     172    -1.050543 
     173    -1.020759 
     174    -1.426064 
     175    -0.574504 
     176    -0.995534 
     177    -0.959586 
     178    -0.503946 
     179    -0.988519 
     180    -0.817369 
     181    -1.192178 
     182    -0.421353 
     183    -1.202414 
     184    -1.097585 
     185    -0.588859 
     186    -0.394155 
     187    -0.319376 
     188    -0.690925 
     189    -1.048787 
     190    -1.336949 
     191    -1.126454 
     192    -0.686140 
     193    -1.324266 
     194    -0.947502 
     195    -0.790965 
     196     0.231615 
     197    -0.030467 
     198     0.273665 
     199     0.516667 
     200     0.666786 
     201    -0.382188 
     202     0.642881 
     203    -0.501036 
     204    -0.222886 
     205    -1.145150 
     206    -0.723714 
     207    -1.379056 
     208    -1.610384 
     209    -0.998149 
     210    -0.945342 
     211    -1.218675 
     212    -0.956137 
     213    -1.143151 
     214    -1.220866 
     215    -0.953535 
     216    -0.214623 
     217    -1.847346 
     218    -1.685441 
     219     0.002236 
     220    -0.528386 
     221     0.299742 
     222    -1.141259 
     223    -1.321629 
     224    -0.989715 
     225    -1.469413 
     226    -0.635746 
     227    -0.192508 
     228    -1.214326 
     229    -0.483258 
     230    -1.043011 
     231    -0.477342 
     232    -0.974140 
     233    -1.042034 
     234    -1.166566 
     235    -1.895246 
     236    -0.145193 
     237    -0.567556 
     238    -0.746619 
     239    -1.115215 
     240    -0.659077 
     241    -0.092792 
     242    -1.541051 
     243    -2.118775 
     244     0.417936 
     245    -0.743161 
     246    -2.043924 
     247    -2.081199 
     248    -3.747201 
