       0     0.000000 
       1     0.000000 
       2     6.025847 
       3    -6.006678 
       4    -2.828619 
       5    -1.349101 
       6    -4.105577 
       7    -1.033315 
       8    -2.087563 
       9    -2.563714 
      10    -3.134451 
      11    -3.628797 
      12    -1.454728 
      13    -3.374822 
      14    -2.320768 
      15    -3.158513 
      16    -3.372917 
      17    -2.340551 
      18    -3.894291 
      19    -3.121162 
      20    -3.112969 
      21    -2.995762 
      22    -2.842621 
      23    -4.067595 
      24    -1.065311 
      25    -3.098891 
      26    -3.344091 
      27    -0.345503 
      28    -1.170845 
      29    -3.960736 
      30    -0.325712 
      31    -3.656692 
      32    -0.127730 
      33    -3.421925 
      34    -1.006303 
      35    -2.425587 
      36    -2.310176 
      37    -1.599243 
      38     0.123916 
      39    -1.270018 
      40    -0.275168 
      41    -1.106334 
      42    -2.696912 
      43    -2.476449 
      44    -1.355416 
      45     2.779042 
      46    -4.878507 
      47    -2.609230 
      48    -0.477433 
      49    -1.211025 
      50    -1.077266 
      51    -0.340297 
      52    -2.980927 
      53    -3.344432 
      54    -2.038544 
      55    -2.128840 
      56    -2.088999 
      57    -0.734388 
      58    -3.546699 
      59    -0.352470 
      60    -2.931738 
      61    -0.551094 
      62    -2.082108 
      63    -1.313920 
      64    -2.052922 
      65    -3.048996 
      66    -0.494330 
      67     0.438028 
      68    -3.139246 
      69     0.895532 
      70    -3.106223 
      71     0.264021 
      72    -1.403612 
      73     0.914957 
      74    -1.065926 
      75     1.047755 
      76    -2.394530 
      77    -0.727451 
      78    -2.920473 
      79    -3.374696 
      80    -2.857500 
      81    -1.502462 
      82    -3.429130 
      83    -2.771843 
      84    -3.981614 
      85     1.812779 
      86     1.770103 
      87    -5.307723 
      88    -2.321002 
      89     0.496390 
      90    -1.019882 
      91    -0.694030 
      92    -2.630492 
      93     2.213054 
      94    -0.450132 
      95    -0.160602 
      96    -1.709961 
      97    -0.293362 
      98     2.671987 
      99    -3.515350 
     100    -2.639242 
     101    -0.047535 
     102    -0.987701 
     103    -0.657921 
     104    -1.433071 
     105     0.717324 
     106     0.525603 
     107    -1.785820 
     108     0.138822 
     109     2.693097 
     110     2.820869 
     111     0.715361 
     112    -0.125326 
     113    -1.592456 
     114    -0.794025 
     115     2.290308 
     116    -1.113761 
     117     0.698808 
     118    -1.124211 
     119     2.114292 
     120    -2.764487 
     121     1.077800 
     122    -0.309960 
     123     0.233723 
     124     0.561885 
     125     1.022152 
     126     2.651031 
     127     2.486559 
     128     0.314991 
     129    -2.845342 
     130     0.459785 
     131     1.717906 
     132    -1.623054 
     133     1.124013 
     134     4.266814 
     135    -1.539212 
     136    -3.245524 
     137    -1.919957 
     138    -2.167640 
     139     0.453094 
     140    -4.713964 
     141    -2.030359 
     142    -3.189134 
     143    -4.750053 
     144     3.171665 
     145     0.002311 
     146     0.855238 
     147    -3.574430 
     148     5.265215 
     149    -1.514953 
     150    -2.530427 
     151    -6.053868 
