       0     0.000000 
       1     0.000000 
       2     6.302256 
       3    -5.976598 
       4    -3.688708 
       5    -1.860951 
       6    -4.089184 
       7    -0.732421 
       8    -2.691332 
       9    -2.219583 
      10    -2.304496 
      11    -3.625800 
      12    -1.420508 
      13    -3.419762 
      14    -2.629361 
      15    -3.531297 
      16    -2.435602 
      17    -2.795936 
      18    -3.899195 
      19    -2.682704 
      20    -3.056205 
      21    -3.011111 
      22    -2.358610 
      23    -4.081598 
      24    -1.215996 
      25    -2.936646 
      26    -3.702868 
      27    -0.212005 
      28    -2.522693 
      29    -3.535298 
      30    -0.723115 
      31    -3.927076 
      32     0.126002 
      33    -2.808944 
      34    -1.352722 
      35    -2.554502 
      36    -2.282486 
      37    -1.580381 
      38    -0.051230 
      39    -1.282688 
      40    -0.324787 
      41    -0.852657 
      42    -2.753366 
      43    -2.333853 
      44    -1.009102 
      45     2.789035 
      46    -5.157598 
      47    -2.667831 
      48    -0.691053 
      49    -1.123492 
      50    -1.037984 
      51    -0.423386 
      52    -3.042484 
      53    -3.241200 
      54    -1.939584 
      55    -2.208545 
      56    -2.198397 
      57    -0.649857 
      58    -3.541872 
      59    -0.340907 
      60    -2.992298 
      61    -0.485398 
      62    -2.046835 
      63    -1.247029 
      64    -2.000392 
      65    -3.087699 
      66    -0.807430 
      67     0.457360 
      68    -3.340313 
      69     1.090368 
      70    -3.591206 
      71     0.554715 
      72    -1.442989 
      73     0.898140 
      74    -0.944857 
      75     1.153799 
      76    -2.427326 
      77    -0.696891 
      78    -3.100858 
      79    -3.265126 
      80    -2.923574 
      81    -1.528424 
      82    -3.505599 
      83    -2.522935 
      84    -4.081284 
      85     1.376121 
      86     2.021370 
      87    -5.512797 
      88    -2.325862 
      89     0.430006 
      90    -1.140666 
      91    -0.537609 
      92    -2.765801 
      93     2.311175 
      94    -0.594641 
      95    -0.100800 
      96    -1.612218 
      97    -0.351048 
      98     2.817013 
      99    -3.510337 
     100    -2.762196 
     101     0.113354 
     102    -0.890204 
     103    -0.675851 
     104    -1.404415 
     105     0.582702 
     106     0.520000 
     107    -1.914947 
     108     0.182442 
     109     2.787840 
     110     2.848919 
     111     0.504712 
     112    -0.024629 
     113    -1.636641 
     114    -1.138292 
     115     1.819073 
     116    -0.766063 
     117     0.440749 
     118    -0.756915 
     119     1.812672 
     120    -2.584818 
     121     1.111031 
     122    -0.215083 
     123     0.216029 
     124     0.539990 
     125     0.874687 
     126     3.004150 
     127     2.890942 
     128     0.150978 
     129    -2.638552 
     130     0.208693 
     131     1.926122 
     132    -1.894318 
     133     0.967519 
     134     5.309019 
     135    -1.818955 
     136    -3.956788 
     137    -1.774864 
     138    -2.076058 
     139     0.182202 
     140    -4.816806 
     141    -1.760505 
     142    -3.227369 
     143    -5.045010 
     144     3.286464 
     145     0.063058 
     146     0.913868 
     147    -3.651706 
     148     5.529453 
     149    -1.313233 
     150    -2.639440 
     151    -5.521665 
