       0     0.000000 
       1     0.000000 
       2    -0.635837 
       3    -1.958933 
       4    -0.607773 
       5    -0.550407 
       6    -0.441981 
       7    -0.307804 
       8    -0.386447 
       9    -0.391531 
      10    -0.380880 
      11    -0.384805 
      12    -0.464585 
      13    -0.336122 
      14    -0.413726 
      15    -0.337475 
      16    -0.392305 
      17    -0.365756 
      18    -0.342509 
      19    -0.355085 
      20    -0.329958 
      21    -0.270513 
      22    -0.417922 
      23    -0.265144 
      24    -0.367747 
      25    -0.277781 
      26    -0.340555 
      27    -0.280808 
      28    -0.359375 
      29    -0.226804 
      30    -0.242141 
      31    -0.306224 
      32    -0.217737 
      33    -0.239516 
      34    -0.286215 
      35    -0.151897 
      36    -0.242751 
      37    -0.212305 
      38    -0.130569 
      39    -0.272302 
      40    -0.124542 
      41    -0.241710 
      42    -0.165008 
      43    -0.153765 
      44    -0.179369 
      45    -0.147561 
      46    -0.148952 
      47    -0.172568 
      48    -0.094220 
      49    -0.106263 
      50    -0.165612 
      51    -0.210042 
      52    -0.021371 
      53    -0.206674 
      54    -0.039516 
      55    -0.131915 
      56    -0.124794 
      57    -0.010845 
      58    -0.128729 
      59    -0.101900 
      60    -0.075435 
      61    -0.058637 
      62    -0.075149 
      63    -0.062051 
      64    -0.114667 
      65    -0.063398 
      66    -0.048556 
      67    -0.054303 
      68    -0.052521 
      69    -0.116161 
      70    -0.116391 
      71    -0.055378 
      72     0.006764 
      73    -0.106473 
      74    -0.175021 
      75     0.004036 
      76    -0.123152 
      77    -0.093220 
      78    -0.086287 
      79     0.014568 
      80    -0.057063 
      81    -0.117769 
      82    -0.010095 
      83    -0.084477 
      84    -0.085901 
      85    -0.192092 
      86    -0.054373 
      87     0.052969 
      88    -0.064729 
      89    -0.146515 
      90    -0.181682 
      91     0.036149 
      92    -0.156826 
      93    -0.067455 
      94    -0.091070 
      95    -0.140128 
      96    -0.115948 
      97    -0.085046 
      98    -0.036344 
      99    -0.116772 
     100    -0.291508 
     101     0.000000 
     102     0.000000 
     103     0.000000 
     104     0.000000 
     105     0.000000 
     106     0.000000 
     107     0.000000 
     108     0.000000 
     109     0.000000 
     110     0.000000 
     111     0.000000 
     112     0.000000 
     113     0.000000 
     114     0.000000 
     115     0.000000 
     116     0.000000 
     117     0.000000 
     118     0.000000 
     119     0.000000 
     120     0.000000 
     121     0.000000 
     122     0.000000 
     123     0.000000 
     124     0.000000 
     125     0.000000 
     126     0.000000 
     127     0.000000 
     128     0.000000 
     129     0.000000 
     130     0.000000 
     131     0.000000 
     132     0.000000 
     133     0.000000 
     134     0.000000 
     135     0.000000 
     136     0.000000 
     137     0.000000 
     138     0.000000 
     139     0.000000 
     140     0.000000 
     141     0.000000 
     142     0.000000 
     143     0.000000 
     144     0.000000 
     145     0.000000 
     146     0.000000 
     147     0.000000 
     148     0.000000 
     149     0.000000 
     150     0.000000 
     151     0.000000 
     152     0.000000 
     153     0.000000 
     154     0.000000 
     155     0.000000 
     156     0.000000 
     157     0.000000 
     158     0.000000 
     159     0.000000 
     160     0.000000 
     161     0.000000 
     162     0.000000 
     163     0.000000 
     164     0.000000 
     165     0.000000 
     166     0.000000 
     167     0.000000 
     168     0.000000 
     169     0.000000 
     170     0.000000 
     171     0.000000 
     172     0.000000 
     173     0.000000 
     174     0.000000 
     175     0.000000 
     176     0.000000 
     177     0.000000 
     178     0.000000 
     179     0.000000 
     180     0.000000 
     181     0.000000 
     182     0.000000 
     183     0.000000 
     184     0.000000 
     185     0.000000 
     186     0.000000 
     187     0.000000 
     188     0.000000 
     189     0.000000 
     190     0.000000 
     191     0.000000 
     192     0.000000 
     193     0.000000 
     194     0.000000 
     195     0.000000 
     196     0.000000 
     197     0.000000 
     198     0.000000 
     199     0.000000 
     200     0.000000 
     201     0.000000 
     202     0.000000 
     203     0.000000 
     204     0.000000 
     205     0.000000 
     206     0.000000 
     207     0.000000 
     208     0.000000 
     209     0.000000 
     210     0.000000 
     211     0.000000 
     212     0.000000 
     213     0.000000 
     214     0.000000 
     215     0.000000 
     216     0.000000 
     217     0.000000 
     218     0.000000 
     219     0.000000 
     220     0.000000 
     221     0.000000 
     222     0.000000 
     223     0.000000 
     224     0.000000 
     225     0.000000 
     226     0.000000 
     227     0.000000 
     228     0.000000 
     229     0.000000 
     230     0.000000 
     231     0.000000 
     232     0.000000 
     233     0.000000 
     234     0.000000 
     235     0.000000 
     236     0.000000 
     237     0.000000 
     238     0.000000 
     239     0.000000 
     240     0.000000 
     241     0.000000 
     242     0.000000 
     243     0.000000 
     244     0.000000 
     245     0.000000 
     246     0.000000 
     247     0.000000 
     248     0.000000 
