       0     0.000000 
       1     0.000000 
       2    -2.555610 
       3    -3.569898 
       4    -2.149652 
       5    -1.742739 
       6    -2.271748 
       7    -1.606263 
       8    -0.918616 
       9    -2.916372 
      10     1.548667 
      11    -2.562701 
      12    -1.201536 
      13    -1.950267 
      14    -2.264355 
      15    -0.392751 
      16    -1.234532 
      17    -0.602407 
      18    -1.147003 
      19    -1.850259 
      20    -0.000668 
      21    -1.407084 
      22    -1.323140 
      23    -1.245718 
      24    -0.884597 
      25     0.514557 
      26    -1.542389 
      27    -2.136749 
      28    -1.076919 
      29    -2.332872 
      30    -1.441772 
      31    -1.796054 
      32    -0.143645 
      33    -0.742718 
      34    -1.965299 
      35    -0.517524 
      36    -1.445730 
      37    -1.535354 
      38    -1.566071 
      39    -1.429104 
      40    -2.358740 
      41    -1.363366 
      42     0.385466 
      43     0.098979 
      44    -1.736689 
      45    -0.791632 
      46    -0.807311 
      47    -0.087551 
      48    -1.577987 
      49    -1.589295 
      50    -1.551021 
      51    -1.299810 
      52    -1.427038 
      53    -1.299403 
      54    -1.796954 
      55    -1.157252 
      56    -1.243311 
      57    -1.536748 
      58    -1.452326 
      59    -1.192283 
      60    -1.089317 
      61    -1.445396 
      62    -1.389054 
      63    -1.124330 
      64    -1.389672 
      65    -1.410934 
      66    -0.092206 
      67    -2.175392 
      68    -0.325337 
      69    -1.100653 
      70    -0.603839 
      71    -0.594492 
      72    -1.332133 
      73    -1.176721 
      74    -1.446992 
      75    -1.466894 
      76    -1.119062 
      77    -1.216009 
      78    -1.150743 
      79    -1.458999 
      80    -1.141425 
      81     0.025488 
      82    -1.373574 
      83     0.812253 
      84     0.921702 
      85     0.171831 
      86    -2.250184 
      87     0.100522 
      88    -0.541534 
      89     1.464348 
      90    -1.548300 
      91    -0.527364 
      92     2.457223 
      93     1.271408 
      94    -0.538727 
      95    -1.819175 
      96    -1.560473 
      97    -1.499448 
      98     1.033677 
      99    -2.079686 
     100    -0.789653 
     101    -1.623579 
     102    -1.654526 
     103    -1.141402 
     104     0.196902 
     105    -1.116207 
     106     1.012846 
     107    -1.748812 
     108     1.658465 
     109     0.466320 
     110     1.075929 
     111     0.955925 
     112     0.274318 
     113     0.645043 
     114     0.674543 
     115    -0.017378 
     116     0.556708 
     117    -1.929933 
     118    -1.107346 
     119    -1.127097 
     120     1.719688 
     121     0.458089 
     122    -1.540383 
     123    -2.874555 
     124     1.687911 
     125     3.774909 
     126    -1.206131 
     127     0.103988 
     128    -0.860369 
     129     1.257236 
     130     1.774794 
     131     0.510916 
     132    -0.936954 
     133    -1.393802 
     134     1.591572 
     135     2.997008 
     136     0.375367 
     137    -1.414017 
     138    -1.558475 
     139    -0.513369 
     140     0.121854 
     141    -1.393860 
     142    -0.397020 
     143     0.122490 
     144    -1.217610 
     145    -1.311903 
     146    -1.624254 
     147    -0.155747 
     148    -1.224136 
     149     0.591536 
     150    -0.819318 
     151    -1.629299 
     152    -0.470248 
     153     0.541257 
     154    -0.434897 
     155    -0.413899 
     156    -0.873522 
     157    -1.541795 
     158    -1.242433 
     159    -1.276948 
     160    -1.076908 
     161    -1.202927 
     162    -1.349862 
     163    -1.323423 
     164    -0.872516 
     165    -0.768500 
     166    -1.280567 
     167    -1.331591 
     168    -0.868805 
     169    -1.077073 
     170    -1.436966 
     171    -1.221999 
     172    -0.944886 
     173    -1.106750 
     174    -1.417313 
     175    -0.562295 
     176    -0.893922 
     177    -0.986853 
     178    -0.536253 
     179    -0.934613 
     180    -0.847638 
     181    -1.186629 
     182    -0.589816 
     183    -1.162106 
     184    -1.147319 
     185    -0.540694 
     186    -0.534508 
     187    -0.295967 
     188    -0.758376 
     189    -1.091542 
     190    -1.312487 
     191    -1.186349 
     192    -0.883610 
     193    -1.275588 
     194    -0.801286 
     195    -0.777294 
     196     0.116185 
     197     0.059045 
     198     0.633846 
     199     0.102399 
     200     0.598277 
     201    -0.383206 
     202     0.227777 
     203    -0.267103 
     204    -0.285116 
     205    -1.282823 
     206    -0.770808 
     207    -1.497548 
     208    -1.630275 
     209    -1.015826 
     210    -1.154190 
     211    -0.989480 
     212    -1.132288 
     213    -1.097552 
     214    -1.298388 
     215    -0.953676 
     216    -0.242285 
     217    -1.917535 
     218    -1.697969 
     219     0.036039 
     220    -0.634721 
     221     0.223743 
     222    -0.880403 
     223    -1.429673 
     224    -0.976202 
     225    -1.440802 
     226    -0.680654 
     227    -0.166039 
     228    -1.006677 
     229    -0.689313 
     230    -1.155011 
     231    -0.446869 
     232    -0.988254 
     233    -0.774410 
     234    -1.134394 
     235    -1.665067 
     236    -0.512830 
     237    -0.659204 
     238    -0.969225 
     239    -0.773177 
     240    -0.928205 
     241    -0.256083 
     242    -0.915277 
     243    -1.570941 
     244    -0.583253 
     245    -0.999926 
     246    -1.377081 
     247    -2.294096 
     248    -3.684902 
